0.001880677000000 0.007091140000000
0.000265474000000 0.046243946000000
0.000293124000000 0.009180321000000
0.000658980000000 0.007634868000000
0.001663993000000 0.005821093000000
0.001230608000000 0.004281550000000





0.002890492000000 0.202674816000000
0.002304995000000 0.200928219000000
0.003662379000000 0.206208880000000
0.006767558000000 0.202315420000000
0.004611186000000 0.180764125000000
0.012975534000000 0.149084487000000





0.015906804000000 20.488212172000001
0.020447681000000 17.092209164000000
0.027923914000000 20.534595272000004
0.049550654000000 18.286518513000001
0.003506086000000 17.331382093999999
0.083631834000000 15.418927822000001





0.091004698000000 3473.065855526000632
0.212009602000000 3495.275160343000152
0.211647137000000 3425.943369620000340
0.461858444000000 3403.894170351000412
0.017294031000000 2559.642587242000445
0.728783208000000 2555.365651155000251





