0.001756863000000 0.009857758000000
0.000227843000000 0.005631633000000
0.000228552000000 0.013149012000000
0.000670758000000 0.004705541000000
0.002247289000000 0.005042876000000
0.001470549000000 0.004119643000000





0.003105941000000 0.144132265000000
0.002149219000000 0.172799726000000
0.003815321000000 0.217080992000000
0.007131411000000 0.120685291000000
0.001608070000000 0.095062357000000
0.013802701000000 0.089175518000000





0.014857988000000 20.822645894000001
0.020699353000000 19.424443187000001
0.024509581000000 16.649876319000001
0.048550910000000 6.770435213000000
0.003780570000000 14.664859082000001
0.077340650000000 8.953499526000000





0.104629613000000 4033.507332862000567
0.217727744000000 2530.439323292000154
0.195930454000000 4109.056833616000404
0.439897174000000 1312.673540583000204
0.017803907000000 7333.070853251000699
0.704268804000000 1625.037330290999989





